-78.7427752324
-174.493231557
-106.242595488
-162.21782757
-78.2182308374
-83.872264029
-149.306626726
-107.471201692
-89.6584859728
-54.6145626662
-60.2865184381
-108.812206226
-80.9756497894
-244.478618329
-83.8098204985
-110.371463443
-67.4578969683
-122.267251721
-125.203873033
-106.791545425
-118.53093604
-141.663682938
-157.018461522
-104.815290828
-125.091517462
-73.0248005971
-26.3198355002
-39.9823796176
-84.9427800405
-69.0075951786
-64.5084941125
-52.6348418585
-84.9662544514
-35.5069453862
-55.395765839
-74.9181289722
-54.2624417459
-33.9778347606
-114.231967252
-83.3945732598
-84.3262779441
-117.212343187
-120.200145016
-76.5201640184
-119.862099003
-330.255371439
-63.4868736563
-44.8060802995
-74.6044052769
-56.4644259865
-86.2397992893
-119.520518594
-72.0808921707
-75.782751087
-102.874596671
-161.917465969
-91.8981323868
-122.656052575
-119.103448292
-98.5386939926
-102.17875355
-167.462281433
-109.198577398
-61.7289246633
-80.4571350537
-76.6544856983
-95.1136465533
-125.030808399
-153.94856034
-66.8255792929
-77.2920502191
-141.93497921
-151.431928804
-114.801624164
-47.4561101741
-72.5141359727
-65.135668525
-57.0320890002
-77.3504042528
-66.924446589
-47.5366374656
-123.87870568
-60.6271302132
-76.2763567882
-111.076210796
-45.8080824839
-50.5787893538
-39.9496358991
-67.2877615832
-137.831662655
-63.7690288416
-74.3112781143
-123.503419537
-107.374762767
-90.0735765269
-120.118850165
-78.0959383995
-117.741739517
-82.890423607
-48.0792709161
-141.432855276
-84.6760782084
-85.7426917411
-90.8672395135
-110.350914884
-98.5092829474
-73.974880835
-166.012542645
-170.275027227
-109.88670386
-67.2122570241
-114.427690761
-60.5299282272
-86.0286730794
-42.6103148749
-77.3758446778
-86.2748126627
-113.445453846
-75.5195370715
-31.3620211249
-41.9141353348
-93.7508905627
-117.862728694
-104.188528879
-30.6432303138
-104.518252997
-102.839958681
-64.9179979744
-139.30918032
-127.685400849
-120.000156185
-152.091079772
-75.8049852918
-123.433926767
-95.6721982902
-98.9197672637
-112.829730641
-86.7610632797
-58.9706194548
-61.958428909
-137.652270126
-132.888591331
-57.3686399259
-78.3852279345
-97.7289698031
-123.100017914
-75.8642570809
-54.8674141456
-33.027784751
-40.4619481882
-96.3478819573
-136.854421052
-43.3522413103
-86.3819001069
-61.9683121207
-146.946111215
-57.6087355997
-61.173818298
-88.3764046143
-80.8579731465
-54.4470773215
-85.664444855
-60.797173766
-73.8786821632
-171.175056375
-83.5350672204
-122.272302789
-120.573945855
-126.084510175
-88.1705014767
-127.16147163
-82.1210082767
-116.484928378
-83.1110542962
-143.853762895
-58.5388696193
-106.108778431
-115.094098437
-83.8419745133
-64.3746936593
-84.2882935706
-64.607525423
-82.5522413422
-85.8370369692
-47.1793325958
-92.6055731546
-42.89560222
-151.608394245
-149.827473893
-136.810958586
-102.93934902
-184.112969002
-123.633063348
-103.432474411
-63.2772325996
-46.7282679062
-93.6619035403
-61.359896204
-160.300330085
-79.0946085163
-41.8077257899
-97.9623513972
-62.9644451523
-233.003828137
-66.9786138302
-128.045522017
-188.94000972
-95.2031701374
-36.0373171573
-117.103769425
-154.157737321
-166.889905604
-98.1772073804
-34.6733735507
-130.247924571
-102.622342871
-88.7580910929
-63.883150497
-170.952315275
-139.133272702
-37.9198305121
-91.7581450625
-70.3988808457
-202.283411375
-65.2225957025
-128.366262718
-54.0805454961
-54.2801711208
-91.6085011208
-223.601827342
-116.759647326
-44.2137074593
-56.0663082318
-45.6385567993
-42.4749603044
-49.1023284505
-99.2288868568
-95.6677092219
-93.0343252646
-104.529950261
-97.7236038596
-100.931343928
-85.8779791235
-84.0783444473
-123.51958824
-73.1065897198
-43.8656059888
-101.183532662
-55.5861080747
-72.7342002444
-36.9665692966
-98.0431318502
-115.419219304
-131.364164307
-51.8662459056
-62.8125654421
-46.1965402012
-99.7275747417
-72.7132324046
-114.367784261
-89.2242096758
-60.0065018575
-53.772899592
-91.3271187238
-159.510737687
-90.1610075786
-128.274858806
-117.752244172
-115.545434629
-146.530371314
-194.41522818
-153.172637105
-91.7801552253
-168.760113333
-117.755624244
-120.490893075
-117.320552147
-54.6130324098
-180.232397233
-123.818175275
-191.05015164
-152.396226688
-191.885382284
-153.699365834
-175.57301431
-247.031998181
-139.821409759
-71.7680260193
-88.3241136542
-125.039744003
-139.671921198
-74.9304353606
-58.464934711
-77.9529547013
-149.137756191
-89.1135376816
-71.0664086992
-98.1085121745
-161.452102487
-68.297807419
-66.9328983706
-93.934222667
-117.166861286
-88.10981254
-101.836355456
-78.3536948467
-166.750736478
-90.7280347001
-87.8266079232
-176.587377436
-68.9699433693
-92.2972161173
-159.195010656
-156.77722786
-46.4114663432
-38.5054114924
-47.5633592758
-70.1601823167
-107.047638813
-68.1650318977
-49.2209315699
-120.598940465
-70.0980602088
-99.8116684161
-31.3099420134
-118.4135779
-48.1192722128
-136.704040302
-110.229394629
-125.241871526
-90.6188016244
-102.931843429
-76.5685433419
-87.7628361286
-147.27594143
-110.492984897
-210.287085489
-127.309356195
-117.038175313
-86.9503202955
-87.0845811451
-115.049406323
-39.1975514497
-102.482883348
-48.3801149355
-140.716387963
-128.307918408
-91.0595439965
-54.7998484704
-112.653584019
-21.4111367456
-175.535367088
-74.3814896013
-111.373796965
-110.326811981
-207.22315556
-87.0835705802
-45.4938754289
-101.49849653
-104.966539693
-168.259031119
-95.9971682516
-82.9054409418
-58.3440419763
-145.544377417
-110.725142219
-42.8173984712
-106.027151928
-136.795035397
-156.703297449
-65.1467971051
-143.66642996
-138.685165842
-68.575675561
-96.7231105981
-109.007757059
-132.973178821
-107.983479547
-91.1620025003
-177.123407775
-60.7602741609
-91.6916376514
-135.61207283
-96.1032666755
-171.319439387
-96.1712089596
-78.7734938175
-104.232913177
-38.6825834014
-71.4065771854
-54.19104469
-66.7050408876
-121.147314648
-100.637938791
-191.110165124
-139.011631373
-147.452200201
-62.4922463798
-142.03156009
-141.962972866
-148.687200397
-136.554680129
-108.082390381
-90.5418520675
-173.020254193
-79.2985823794
-103.894863541
-84.1050955101
-129.193230902
-80.0101339072
-72.5471405307
-140.646235842
-143.286861157
-94.8592249131
-149.344192974
-62.7205469266
-125.665537135
-197.266177274
-114.218618286
-60.2555583803
-120.943102468
-66.044761119
-51.048437642
-75.716134044
-156.125440726
-135.153839375
-80.6207061835
-88.6748616584
-157.252683641
-118.291705941
-139.672910086
-89.7522019678
-59.4883609748
-17.2618541647
-120.293239618
-90.5375765772
-73.1879949758
-141.085952892
-62.2653986293
-52.4813012541
-61.3165117893
-142.54833238
-117.930825212
-104.929738355
-100.17216988
-92.0358769292
-106.268026454
-96.9457483698
-166.743432534
-102.609682764
-293.650048709
-79.3090897223
-131.735164316
-37.7546726494
-93.6488784486
-108.879485395
-145.12438463
-105.012110417
-75.5302158904
-94.8308651845
-21.9603187414
-89.578916172
-40.5012536014
-88.7908505406
-66.6184841667
-127.57707259
-121.881783281
-108.482206616
-87.3953459063
-96.368791314
-105.094199878
-150.563160297
-169.252591771
-26.7884135017
-86.5607578897
-87.9061295913
-104.674993287
-70.4019614608
-86.7667210451
-56.8681355471
-47.1546066762
-89.0801184354
-140.895174834
-162.674843265
-125.867730763
-122.868862818
-58.6043093987
-96.0386141204
-110.80169789
-77.0657350493
-78.2313996161
-78.2285486055
-128.493092598
-75.1473367053
-88.9413542362
-161.453750394
-67.4192224203
-77.8718487478
-64.4987113099
-60.2430250419
-131.065516401
-109.217281398
-74.9995003785
-111.122158075
-111.470203292
-50.1404576954
-88.1219770203
-117.99988784
-93.6333009323
-90.7849964247
-93.6407312498
-44.1423407078
-101.508561183
-84.0034500263
-125.437849186
-106.237571199
-66.1583481014
-105.230795304
-106.798218077
-103.001098479
-142.513312352
-91.8946389527
-79.1472371033
-84.5579628666
-87.9979611427
-133.759162175
-82.1048748837
-252.459099585
-80.4565643385
-84.7608908805
-54.9092391585
-108.154397536
-66.4690505103
-55.6465830895
-92.191078326
-54.6232768647
-31.5623414721
-120.754575351
-90.6342068776
-112.95302329
-61.2164654053
-57.9691176699
-78.0385649332
-78.5465620176
-100.742298697
-33.0509080296
-91.7325168733
-37.9321213249
-63.1821041065
-63.4319403217
-137.440781372
-53.4607111482
-75.4530345731
-121.702051647
-61.5266498745
-74.0908605049
-56.2747109226
-82.9254658359
-48.8319533007
-125.062642447
-46.6408664844
-98.344679844
-76.9300926626
-98.1774640968
-120.601403971
-74.4377939423
-114.753171342
-42.1387424617
-84.8038069476
-128.004600086
-180.165651859
-71.3736533395
-37.0002044411
-46.2232117859
-77.713556621
-26.9680204133
-25.3689504761
-34.7744200598
-137.039986931
-74.8950997001
-103.738824513
-145.614180757
-62.4477956176
-76.3973237272
-99.1069119336
-69.8456715665
-80.0261302148
-52.8113036731
-118.426208361
-117.79411231
-160.266172984
-60.4619014576
-124.230678566
-90.4536759639
-75.6696116826
-141.658613655
-91.6457942784
-85.8246909665
-90.1119994054
-171.857631074
-28.0305914413
-103.195365916
-60.4235039934
-34.534976896
-154.920320849
-52.6615754178
-44.9641457495
-74.0461624085
-73.8038882724
-90.1002561056
-133.185512925
-105.500743438
-38.1733152848
-105.624630169
-66.5846249494
-73.3571092061
-57.7823876938
-83.9549012379
-69.1513591543
-25.9889350555
-100.898733109
-114.71316678
-124.231862719
-38.6866229476
-81.8258250435
-91.8446710017
-115.56575187
-64.7079561362
-72.8980828082
-48.8635178738
-83.9249047953
-121.460426007
-65.3559307084
-60.7356194719
-57.9399658978
-127.9500149
-62.921967242
-87.6287702255
-58.9884768117
-94.8165868819
-80.3132079221
-166.082940612
-163.545975416
-57.1100387135
-133.420648127
-137.124922831
-119.016078313
-92.3060200012
-90.7102489437
-141.556532718
-100.354511952
-148.032110652
-135.863595895
-66.6289722277
-113.14686072
-55.3953238391
-121.984658156
-204.57036002
-124.420807538
-92.0015950149
-69.7407357377
-169.066522823
-88.166765226
-123.419031644
-137.369959392
-113.703894396
-59.1584653535
-69.4154202061
-121.166030504
-137.781745831
-118.02636012
-96.3725189986
-61.800409956
-131.005015616
-82.104195243
-87.4706030881
-122.506358925
-41.3307642447
-60.3563855761
-54.920766646
-52.5265092764
-100.565709884
-72.5179010661
-76.6298336873
-143.60046158
-134.398018886
-161.097134614
-86.1517263356
-50.860456209
-169.08662743
-118.981478388
-122.521729618
-57.8136448537
-102.950277081
-133.009196247
-157.036575057
-102.369641833
-79.702648301
-98.1159388998
-134.775353795
-67.3198860687
-136.747091478
-67.7557787549
-133.334686606
-51.4069423894
-92.7774070636
-57.9794942817
-76.8164073981
-238.215403988
-96.3699298052
-95.1119261587
-79.4366379955
-93.7414248407
-40.1238380253
-110.538690612
-72.4525606121
-60.4689061648
-33.1735093464
-80.9602991768
-90.4528107208
-88.4333467741
-51.0715904741
-92.0612332423
-59.0852282604
-75.8637415321
-74.6110574413
-67.8481864959
-85.8281989043
-113.052440516
-67.6681834237
-44.1430965452
-54.300657172
-124.417928976
-31.7135854012
-77.9848267421
-89.8242740341
-91.8629237987
-56.6924276219
-72.1844736623
-68.704820864
-87.0875442114
-92.6967894731
-59.967346606
-65.766198844
-81.5860220636
-82.2568230098
-109.172678356
-105.810357578
-79.5460230119
-54.9933808933
-154.978546951
-60.2937924316
-116.929158749
-65.8683499571
-45.522917961
-45.1654781129
-100.005629882
-63.0638390634
-66.923891982
-61.6813764406
-141.001641864
-117.540822064
-135.830653786
-101.571323312
-60.9429431705
-119.132128133
-70.5580833787
-44.6296323935
-152.429709886
-116.817820871
-30.6488778657
-146.070288503
-109.858343255
-102.579320608
-65.1106839777
-82.585111446
-32.2369589161
-80.6307995843
-51.6799550807
-66.3122939706
-102.837347236
-109.803168407
-95.6045321037
-55.4422583318
-81.1475505861
-70.8238374803
-49.0005239461
-94.3943290004
-108.027310539
-162.795959073
-87.5525167311
-47.3698054777
-135.386373283
-165.687319096
-80.3840204641
-89.6038257714
-55.7287272349
-56.4720422456
-51.7145166436
-126.276296457
-114.298706259
-106.003464733
-173.850117867
-105.093656101
-171.910769497
-51.689912032
-102.474625232
-89.4212008657
-103.978826978
-71.1573848482
-106.505700573
-96.6307273381
-100.403732124
-104.415624927
-103.074576934
-98.4005046337
-189.830159443
-255.769155813
-94.451897943
-28.5284829301
-138.96454218
-203.217241854
-150.873823613
-72.1192243649
-126.386136863
-158.323177274
-68.5324168169
-78.4799273176
-63.1103416756
-45.5844048263
-72.2856320079
-75.3525368636
-74.3623286487
-91.1566703229
-117.042667887
-150.518673555
-76.0626999517
-53.4908879574
-112.600746903
-68.723047948
-70.8046646171
-48.8776004499
-48.2218427545
-58.6206042055
-55.7602083318
-41.2396247508
-52.5580342327
-145.101935856
-73.4927798312
-84.7754224291
-64.9190644823
-232.835734096
-113.644463215
-170.269034003
-212.637641163
-72.594951408
-34.5115146603
-37.8931022164
-107.219391931
-111.662703208
-90.0122683108
-70.6604692575
-100.241006437
-135.649702826
-132.37825128
-164.354002621
-101.077034254
-52.6214440442
-102.339025677
-81.1184832927
-46.373638422
-130.927795523
-40.5554015144
-52.4704375474
-65.4757135185
-136.195879458
-141.663219544
-250.599757378
-127.462611788
-163.419113428
-118.179189933
-165.474390105
-73.776421211
-114.392827297
-67.9386782175
-68.6804173562
-87.0133400736
-150.311133455
-85.4403012934
-43.9562695631
-104.869457649
-97.2761748147
-104.936516654
-135.523944964
-118.877866609
-94.9085282328
-35.8416403138
-105.108588098
-96.7680499941
-192.696437994
-74.7627775768
-53.554622071
-141.756767376
-50.0873035831
-106.132246399
-141.628348007
-69.8828569311
-44.5339699114
-39.526454881
-59.1294565494
-202.972722122
-122.443327625
-88.6528145165
-165.408524369
-66.6617035382
-60.2003563274
-121.054594344
-100.152738725
-129.712003488
-126.089327618
-113.907860419
-78.7717654315
-128.010304129
-83.2127622449
-120.46366818
-65.1255541509
-89.8429502306
-36.7914379508
-97.4519435833
-126.251075991
-76.7037422466
-99.7684458255
-89.1382696366
-134.580272847
-89.7612294392
-95.2712220342
-61.1875337139
-37.3258427575
-129.036791821
-149.505592312
-157.678755749
-113.919072247
-114.374315021
-126.861416992
-54.5275607309
-140.281716142
-119.344088696
-50.5076551137
-73.5430138047
-101.632081932
-25.8580249186
-138.801753913
-75.5529377949
-105.994524807
-120.034759624
-68.8295019807
-91.2680051393
-119.480923515
-77.0839847166
-67.921207281
-122.038812253
-128.24767409
-49.6548511017
-86.348347162
-107.187832742
-68.2612352093
-44.1608663904
-93.7250830366
-106.066028484
-50.3244281517
-163.359292388
-87.4494024593
-77.021007337
-115.618450701
-95.9061435529
-68.6529923684
-86.9183862691
-170.18235148
-75.2767825972
-47.1333961373
-42.3373611049
-67.9355253378
-98.2639211914
-44.2883611132
-79.570239069
-58.1396706027
-68.7625363009
-231.665697958
-108.618908766
-178.665692842
-66.7665810644
-101.33000426
-77.3170201195
-86.785252331
-27.7630492662
-97.8541891987
-117.627351469
-79.4175577916
-111.364174754
-48.1068493089
-51.0311721064
-50.2134071475
-42.4621915238
-58.0010207177
-41.7515386499
-79.5167383577
-58.5269458323
-67.8601077762
-73.5153270912
-89.3003750854
-50.1681629017
-108.845112145
-67.3434609454
-50.2317800737
-63.6039176838
-61.1130645493
-48.8107950534
-98.9619694488
-45.3101708888
-54.4715976399
-80.378479445
-98.9583714202
-99.8243875355
-95.4485692708
-96.4142964467
-69.0499341785
-188.043694147
-162.237315616
-153.461191428
-64.9461091517
-124.487684842
-202.065484576
-117.156614353
-148.974091303
-29.0898729097
-21.5057299095
-52.9422526987
-201.673732973
-98.5212928132
-52.4546573552
-60.9793156714
-118.034236845
-127.972620425
-111.937952536
-67.0802739119
-85.1825844595
-127.215550921
-24.8548423944
-116.381532847
-85.8924450452
-72.1671222336
-132.000429878
-71.4953498491
-105.000544705
-50.4988665421
-122.584813737
-66.0261878503
-103.663113201
-70.5211173462
-65.5777180568
-55.2025437741
-86.4305193511
-93.0532084523
-67.544512541
-47.276155103
-54.0259417541
-75.7529354409
-104.304352165
-97.4600522492
-76.2905135743
-61.5447228583
-81.8795170609
-78.3941669583
-122.999226005
-55.2984823748
-78.0302637512
-54.7219213229
-42.8874333271
-73.6569714148
-77.0410804355
-62.9733782965
-112.843584286
-184.322736874
-80.6711987316
-49.6322496297
-78.8742143348
-98.1527003792
-88.8800778875
-142.444158565
-163.184836856
-133.38137145
-113.123421896
-79.9142174635
-52.1383282214
-88.590406107
-52.5614571457
-70.4993418589
-163.766691969
-102.348139808
-71.0834547622
-70.3483662388
-70.5714017692
-49.6275183661
-39.7501232501
-43.2141519031
-52.870220155
-63.2143956638
-38.1508073777
-105.485886221
-44.9356921428
-85.1756449269
-24.8558333186
-24.3134130379
-27.7151222368
-87.3138365093
-111.753201275
-78.0676853752
-57.1105696826
-83.4752425663
-92.7670828615
-61.6588854352
-91.2380510693
-56.7774682954
-113.971725282
-105.4145593
-119.367934605
-111.815452637
-55.732525888
-75.2528981728
-147.011308924
-60.4170285439
-90.9024320525
-49.2572512482
-78.2177027381
-29.9942184535
-39.4032869366
-81.908129788
-62.7909731509
-144.584784174
-117.982651094
-93.4098293843
-58.2742451354
-107.598272595
-51.7551930404
-75.282879331
-88.656917284
-78.5910760772
-120.866717276
-153.955473068
-73.110768949
-60.6395955505
-39.6904803011
-42.8927443314
-127.965641486
-118.003805871
-95.5571382595
-122.745417058
-108.607710293
-94.9794430763
-68.203723902
-60.181627901
-97.6983137138
-34.6048948447
-36.6976232106
-44.1492939615
-114.126838843
-92.6966552788
-100.426713991
-92.1534684041
-42.2888811723
-76.5779627496
-119.060159744
-41.9540266298
-44.1701261636
-55.1699839836
-49.6328979557
-70.495263824
-38.6948194037
-35.1753101201
-81.1966644681
-108.758035145
-168.98704524
-263.000896441
-34.6960916852
-118.603494792
-78.6731223581
-63.0733737827
-120.987565073
-142.8154873
-72.1672835748
-56.8611375639
-83.339984122
-35.4370030575
-82.2110866971
-132.891931539
-82.3354316516
-52.8085730786
-109.405725419
-43.974944987
-62.4460497328
-82.1983461999
-30.730728507
-45.64447617
-41.0798434228
-62.6162297328
-58.1327398505
-78.722466796
-110.488574748
-52.3371873086
-89.8950361186
-51.423012606
-98.352513965
-114.819710007
-95.9581087168
-104.098841931
-45.7266421339
-73.8724454103
-69.7075239469
-160.009292387
-57.0436529108
-65.2367434143
-28.2513469797
-88.3797626152
-76.6905593978
-56.0672082431
-62.8684124289
-121.931771655
-24.6909012913
-67.4405772782
-78.6029943213
-58.3063533201
-50.9552169988
-62.4132618657
-59.1528085353
-46.0304719422
-41.7126075896
-118.382591557
-142.972275565
-95.1809824639
-97.204425421
-55.8560005706
-55.1303677627
-48.9257943289
-40.4058336808
-72.6040047574
-27.9476306054
-26.453608095
-40.4436126261
-123.698507098
-39.0620847432
-100.028835058
-23.9141259063
-109.034817638
-63.9085527896
-80.4671576826
-151.45387941
-122.563529962
-30.5927591245
-59.5403900289
-43.7153272576
-51.3428563967
-120.233815379
-64.9936456875
-34.8326209009
-37.8562208607
-39.4487770827
-67.4446807014
-83.1770214954
-75.2310856423
-36.5452445929
-92.4244221523
-99.494878213
-103.862128451
-146.948805089
-114.738261989
-114.42618076
-67.0527548279
-119.387687744
-64.7014114269
-84.4105509397
-77.5984954255
-47.9625454041
-123.808863692
-133.329976357
-60.7684845231
-22.862819375
-190.093578453
-122.135104555
-64.8015068537
-112.936739289
-38.155896138
-66.3163174949
-50.3690575634
-41.2498371302
-27.6834679844
-84.7544051802
-88.3797041233
-66.4659713086
-44.0066355753
-56.072432455
-73.5578896334
-58.4296685003
-52.8724122494
-83.2199995593
-23.0631799482
-78.0253868649
-103.420299587
-52.792665973
-130.559314754
-85.8557555041
-90.0122848017
-38.4212754561
-30.3223743038
-22.6484197447
-113.440779033
-69.6326130393
-49.8597014722
-35.9837993296
-71.2539261759
-85.6737785311
-63.849211007
-86.5053086952
-117.973998856
-64.2837218138
-99.8727180045
-30.827218155
-140.465106934
-60.114172048
-118.191555657
-149.533670417
-53.9540248839
-100.169947509
-108.859047855
-96.2824047103
-59.384947683
-130.164870771
-84.1123563852
-85.9484123717
-131.813783537
-100.819038659
-89.4010586121
-85.1830648704
-59.2158127335
-93.8971647357
-144.776220223
-70.392653713
-112.949719259
-82.2116317563
-145.123741373
-52.8168359531
-127.840071563
-85.0782895385
-33.4511566633
-132.561620209
-79.5756462502
-34.6801209462
-71.3209151859
-62.1867496344
-179.663552088
-53.7938598543
-100.562213814
-35.5256713698
-130.972290986
-144.033708808
-82.927091009
-104.634574646
-159.00003502
-63.4854749533
-110.924945461
-86.2312663998
-40.3333667338
-84.6405184505
-141.59056168
-87.3560927794
-117.85230811
-67.4920758126
-44.522877694
-151.11676052
-70.1077962715
-81.1565655642
-131.102076228
-142.660352508
-59.2217477491
-65.3380914388
-219.777164343
-39.5073433139
-73.326626381
-28.7181278843
-52.5284913952
-163.696432214
-30.7612514934
-58.453455272
-38.3126249024
-177.790599899
-135.80036676
-32.8879323063
-95.7638354428
-107.622213509
-85.6871430748
-77.4511674935
-156.5934918
-50.5138302206
-64.012078295
-115.092167745
-33.8273336025
-40.9856026904
-138.844668955
-104.087603939
-84.9129382284
-176.395535012
-95.8277015263
-175.465769391
-66.1912495373
-55.3790474181
-193.535104679
-42.8526359958
-108.090898698
-96.8357200489
-58.6425758638
-72.3577530564
-130.694569509
-110.742795048
-57.4855350466
-145.371245642
-68.8768997239
-74.5162123556
-78.7167704043
-66.3059282668
-93.4713427783
-33.2155428585
-106.665549171
-135.817758088
-98.7530823805
-87.0779816596
-61.429755697
-82.7948071601
-23.0007701116
-86.8169041982
-78.928628224
-98.9261297046
-53.4862603154
-82.1041087992
-78.8380937169
-67.5313768416
-68.1007603417
-61.1232220433
-85.7626833478
-62.2782674943
-114.792603867
-55.3883941494
-93.204803443
-45.0032200988
-75.9035793065
-76.9364511873
-40.0866156685
-67.2404656967
-59.332601464
-92.5246963774
-74.0478387395
-63.6054650273
-40.9736209658
-24.2374953549
-65.8243635836
-51.8856234373
-40.4868011576
-55.6498193591
-137.052647437
-63.2149172797
-179.835911047
-67.6678926208
-58.3216618414
-75.4504439054
-39.6332401908
-84.3486066151
-151.185574766
-41.344242025
-67.5920955584
-88.0101321615
-37.925267974
-71.8185590984
-31.4140052323
-101.007896299
-87.0253094811
-25.1608255908
-75.4671400937
-36.3368740439
-144.801970889
-95.3647754453
-80.2367279416
-107.285928878
-112.018412318
-81.9743648361
-91.528008418
-70.028984479
-56.305047168
-42.6715697816
-103.127556045
-58.3719637819
-88.9122245981
-114.051529564
-116.553493377
-41.2060476156
-94.8384578893
-98.215620483
-111.637783645
-45.1118101859
-82.5564303911
-72.9275342893
-49.4815271434
-46.1483348758
-56.3009968647
-271.777451055
-49.4603479165
-94.3896395585
-56.4062510741
-41.3769575153
-68.462392446
-54.8216219873
-100.110791645
-56.5658363358
-42.754937433
-143.798879612
-222.588925851
-74.7905238518
-119.368346789
-142.200809194
-75.7428103616
-55.1085311118
-49.3905184124
-117.607076637
-132.660360392
-102.772828918
-95.4498118078
-140.517199602
-145.561243327
-73.6839980773
-37.5697816484
-100.874116661
-53.3059617315
-43.3613150156
-216.428509108
-140.034829146
-78.3766625236
-45.8602391808
-60.746577631
-66.0219575759
-105.915189138
-54.6631028671
-83.0593771364
-150.80817132
-22.7107511501
-123.216421829
-22.6389113465
-115.568972151
-143.234841341
-56.0477653856
-87.9122593074
-42.8407534639
-68.7795062901
-50.9135987049
-39.3072352394
-139.46185151
-104.886099492
-188.986281268
-54.5431821015
-42.4871091178
-47.0014562353
-59.3684872467
-110.301399678
-129.477089742
-66.4967485821
-77.613782213
-30.4468332383
-99.857413526
-44.5764552617
-101.244630781
-65.8802699965
-61.8512142609
-57.2371755029
-59.8164637241
-69.6867448814
-26.5959798292
-41.0814906164
-197.311592396
-87.8751879233
-104.590284442
-30.0792895576
-189.675708432
-32.1146066542
-25.0736456151
-44.9882475572
-67.9959632653
-148.346314307
-85.2071814888
-27.2609399185
-59.4043292281
-99.0999167915
-49.1840431224
-39.149582371
-119.748550279
-48.3245077169
-103.411955535
-84.2014576745
-172.169918486
-135.087039569
-61.8765675496
-95.642920951
-104.824461683
-115.225891926
-79.2562333089
-60.5708124435
-78.4277826479
-104.91638281
-57.3243903898
-33.2213433894
-232.224301212
-105.00266356
-131.276915899
-128.450086747
-254.125811937
-56.2321790592
-180.832528314
-103.71937159
-91.0638301831
-91.8306019548
-44.3659454253
-37.7998837535
-26.8840672419
-93.9493798407
-30.4660818176
-160.563910736
-74.3308125954
-58.8275457585
-108.158240733
-115.006298058
-53.0901188372
-90.7298274181
-101.549944128
-36.1963924978
-99.9079399951
-43.7186571829
-73.0489332035
-157.961440945
-104.61130886
-53.0874849358
-63.750045157
-74.5564340161
-104.363867969
-69.9354285079
-121.387647581
-37.1493729623
-110.253010736
-92.8466137899
-129.066007551
-151.325345241
-103.301167737
-73.7525029244
-42.68591779
-68.4594103718
-137.91127558
-43.7346660068
-65.6270731341
-40.7957845728
-76.3652329484
-143.895695437
-144.815156902
-86.3712898441
-62.055444637
-111.853909947
-124.951944263
-141.067756122
-100.073041782
-100.179415536
-63.7007005738
-80.2481494826
-76.4102566331
-87.6234168734
-58.181464963
-103.360951137
-37.4313406946
-130.484000945
-76.7285884778
-137.831399851
-47.9583955184
-78.3682678195
-130.216095155
-90.6301484602
-138.880944734
-88.7395014835
-99.2827743799
-81.3167075937
-50.5044669293
-77.7061368658
-141.320462347
-95.5645616478
-71.214746909
-97.4372233554
-60.4447594277
-69.6374909486
-41.9217873684
-85.567941511
-69.5815251876
-146.63212833
-139.563952886
-111.858654963
-127.828033476
-101.38857795
-36.3405714236
-42.7782380489
-90.9639392493
-203.127331259
-154.982483518
-97.3916960849
-92.235940615
-48.4285682295
-73.0955180216
-57.1841555892
-68.1792007276
-77.268028514
-114.436527492
-137.894396967
-139.017750967
-60.721902855
-82.2025243759
-125.529404893
-55.8885000362
-86.1102767511
-32.4904748055
-135.320816062
-136.673725968
-143.729764511
-144.154410478
-56.9305388187
-102.135313009
-103.161721498
-62.3279320973
-211.825112756
-52.496075481
-98.0110025038
-56.6490387787
-75.8733507161
-91.3856414487
-83.7114029003
-73.0198712996
-122.795877961
-70.9875477475
-127.40574744
-67.4243045221
-56.72809212
-80.2765540003
-105.62668274
-94.2766966075
-116.317339817
-125.173601325
-124.580608119
-65.7554398503
-113.248682187
-87.1402580179
-158.869315909
-191.458567058
-58.0512984285
-94.2552572115
-69.9015831654
-54.5415861453
-100.781611863
-76.6370622269
-39.985900798
-37.9348017434
-93.1730451953
-154.372281931
-74.646567446
-61.1738760362
-79.4507904581
-83.6463130805
-126.84301264
-106.345474797
-59.4081549809
-72.1805495109
-102.112831027
-61.9638057841
-95.5714492087
-234.614897252
-79.9688894551
-24.8068755891
-31.7985773378
-157.947885638
-94.1046417859
-197.364438055
-105.340075258
-92.89817673
-36.7440198211
-100.566946397
-63.0078652151
-97.5896182438
-139.836499255
-93.3713438965
-165.743914752
-90.0476562269
-89.1935022202
-154.737091817
-100.976021535
-66.9848371668
-104.805792806
-81.3448364302
-48.1889868499
-90.8124803342
-147.177497017
-60.4984535208
-129.804748836
-113.582656274
-141.71135085
-56.0605176829
-76.0879691829
-35.6703597266
-49.7137840279
-58.4325237855
-101.264861142
-206.897964404
-88.2929910967
-37.6794459262
-28.1919581045
-160.467430967
-68.9273838964
-184.888224909
-92.6148248555
-135.472762898
-230.852329143
-40.3886517852
-86.036207378
-67.221854775
-215.971753807
-85.6971209665
-78.6911382479
-75.3934661687
-44.4197121217
-94.055701429
-133.308274984
-119.537586332
-86.6540517183
-53.7186355153
-118.884277342
-101.774586362
-129.090251174
-36.5945167979
-183.836170038
-129.135044502
-81.3525654993
-68.8229058448
-111.46116221
-136.375480537
-131.190522642
-78.5658131649
-99.088804815
-113.6538216
-29.269724221
-86.5142342746
-33.9385076921
-153.887563767
-147.018376124
-39.2616650112
-49.2336218572
-94.0953592691
-54.1553655615
-120.905995231
-74.3641701845
-58.61317871
-30.3923164289
-89.2310127748
-122.475361537
-51.0128182187
-50.2154853916
-150.277938703
-49.9247163656
-107.917148396
-151.009723755
-41.1200570606
-81.8363112279
-32.2064282742
-93.9410045127
-49.5813094567
-155.760109076
-120.817902835
-156.909974777
-154.630824454
-105.900320016
-117.935232734
-115.296564154
-64.4371111344
-117.651689624
-154.002873033
-109.081705815
-116.368147274
-98.7228355599
-120.63952201
-122.370686366
-54.9804168957
-104.219536487
-125.984362816
-121.167586759
-125.52584118
-129.29188719
-52.0189069186
-48.9939073702
-63.7781900452
-50.8317825711
-79.0341723939
-78.5447586291
-146.38043992
-80.5305588772
-147.493123834
-66.9526918609
-140.497616062
-84.4321986401
-141.948667869
-65.5241037912
-39.0130464639
-72.573440329
-121.4983211
-71.757874414
-95.5134133936
-53.1295910197
-55.3790137624
-77.0783924365
-68.9010415136
-110.541107475
-46.5638063592
-73.7804209509
-109.648321597
-44.8405688918
-46.8709299576
-26.4487022115
-66.7353792136
-45.6309226957
-97.6149316088
-106.924140859
-87.2323021781
-44.0282841554
-97.3403906805
-78.4310212918
-102.711492973
-92.2843543403
-64.5618508441
-117.048348757
-148.343073628
-75.01933201
-115.944603375
-89.0628374311
-90.5784080842
-90.3906575253
-232.79814298
-71.0750460275
-98.6002501079
-172.130319676
-130.794237051
-37.7810385913
-83.047671265
-88.4914968484
-107.470265769
-94.6630229027
-119.244134603
-111.755984692
-158.842858082
-76.1399505424
-335.698023484
-119.253207283
-59.4251372442
-84.7973526987
-137.197187453
-69.4340391027
-72.9109945574
-110.275726294
-54.6887190965
-57.4676751512
-156.498194164
-121.560690396
-82.3687560143
-93.6990340641
-45.9009765301
-112.945178952
-35.2737018596
-43.265839094
-108.899302316
-292.847267777
-64.3354098454
-40.6284933337
-67.6329417055
-43.44466939
-129.819496741
-70.0511985511
-38.4541742401
-65.7433838771
-69.789290915
-43.8612859253
-82.0384969916
-212.609426972
-135.4398481
-87.3483621989
-166.588851819
-98.9120219972
-67.1483031773
-51.0973523044
-57.217304613
-83.9745344635
-106.32720994
-62.873170527
-57.1745137886
-38.1053268878
-56.8067772851
-40.359780908
-128.586272237
-108.548078438
-89.5849323302
-97.7679506198
-100.147534654
-92.2236287458
-86.2511289258
-108.481899334
-72.09077469
-55.2188048188
-50.1762675311
-47.202721873
-124.987625713
-79.047010698
-96.7537624337
-61.5702733935
-64.1238510751
-67.5515197957
-97.8410581303
-91.3362873335
-46.049030504
-90.7565937662
-65.2712270555
-71.0700166284
-129.27110134
-160.498365794
-133.368082104
-159.648733184
-109.239882733
-94.8884086258
-48.3334364398
-211.900025329
-130.103326042
-133.288441302
-142.951498891
-151.737220264
-192.250376735
-143.222972825
-130.561284052
-121.523051639
-74.2985947089
-75.1188419859
-115.951816558
-54.9168727233
-115.605998839
-196.87967825
-95.2041319932
-142.112751154
-49.7052578625
-58.6853528724
-113.79006056
-101.048587952
-132.740722098
-56.5571691183
-60.2657635128
-117.402188608
-40.9417417848
-52.7329842173
-125.968450076
-89.8324898362
-65.5941694425
-70.2951812022
-27.6390302903
-167.80953005
-106.839722305
-102.529412508
-62.8091902344
-29.4298346153
-62.8131245476
-88.2470653729
-81.9958016327
-70.4135426667
-62.7399793837
-107.221052482
-147.227106646
-66.5428019946
-177.371744045
-68.6817725722
-28.9118692433
-128.335996055
-145.222010439
-105.611585728
-86.0523661
-116.410420921
-112.664259674
-85.8856971629
-91.5201471708
-103.70517583
-53.6526597209
-57.7287948625
-85.3308481701
-100.092671913
-63.6602683295
-174.599852647
-90.2418919803
-85.4453044622
-81.2446160046
-58.3928611097
-44.0701352664
-48.921737772
-57.7783083251
-46.1281656177
-49.3361995593
-51.3892934857
-54.4161375361
-49.2709971127
-65.2638998269
-29.7904094444
-80.7184520733
-45.7857891083
-58.2713028641
-56.9220522752
-50.989256874
-89.7962012697
-54.3805937067
-133.250461735
-67.1257678291
-43.0997285365
-35.1308522126
-141.047649838
-51.4751963587
-170.983115535
-174.403079612
-93.7407629283
-29.3815302445
-70.2869592557
-23.3136037929
-91.6514160763
-69.9035153414
-186.158766968
-75.1611796837
-36.397197038
-46.3740173308
-92.0313542185
-74.3668067106
-50.9977321297
-110.342201106
-166.036834895
-81.8430395459
-124.611368399
-90.2366898529
-104.35373021
-151.771705381
-158.634371546
-37.0721195523
-61.4371631211
-148.441709563
-23.6411315472
-87.8102046085
-69.9458590939
-95.6545915267
-107.543485019
-231.752005666
-166.89103073
-47.3628246759
-134.633362506
-84.3697168109
-158.07423743
-47.2780612998
-27.1533050773
-42.557164639
-86.4493219651
-60.9736539867
-34.6529769179
-50.2111255844
-40.8595370867
-62.3343441089
-98.2572067257
-130.332639852
-39.2912635062
-55.7615638469
-105.857313134
-69.2613045652
-115.259757718
-107.190374527
-72.3638715873
-109.035616101
-128.331388609
-90.651377202
-113.980476342
-63.717953538
-103.536056542
-103.154709475
-42.9624545492
-146.233565571
-79.0998513448
-64.7487315024
-148.104147258
-29.0046034398
-54.3477938977
-102.12054714
-76.2340147423
-88.6138472106
-98.0361026092
-88.3589637962
-38.7041303656
-173.337400748
-59.8661597129
-40.5317535555
-76.6163743954
-91.4676318465
-95.9236526886
-43.4181542223
-63.7312898037
-110.838559124
-67.3907273884
-48.2686916887
-99.5041409789
-77.3059123159
-60.8249343247
-115.052663122
-95.6013549897
-90.1433559513
-89.7656908254
-47.8159541434
-97.5966794986
-170.760398725
-227.368387417
-69.8413595851
-114.662954809
-89.9519194256
-75.6389949078
-115.712933068
-55.2436970146
-87.1513887928
-36.5471707374
-118.220568033
-55.6719870696
-47.1474770193
-45.328617836
-42.8458671652
-94.2132071593
-81.4233141921
-62.3277352218
-44.9649595761
-93.4492041236
-87.9677836431
-103.523318778
-47.6191395964
-41.4252616247
-61.1031591009
-62.3268125297
-95.6587673382
-105.125585931
-96.5069886942
-67.9871949619
-52.6924772401
-79.0689204406
-136.702914298
-88.178427028
-35.5056942125
-77.2689883419
-77.7824868055
-70.2055885013
-51.8881699877
-149.084424817
-63.2758918827
-106.63299298
-161.181816804
-82.894635952
-90.2478483568
-156.507104981
-135.901929357
-102.280904057
-145.086386499
-112.526193476
-96.674713568
-77.3686513359
-150.226235575
-76.639844295
-82.5371778686
-63.7825109982
-251.788026087
-97.7972250288
-68.6758001936
-42.2011384823
-149.811847446
-118.797823687
-107.474181672
-94.3540512511
-89.539336417
-62.9445459505
-85.3407017124
-169.912982136
-60.0619296326
-117.984428129
-174.715039062
-77.6676002392
-154.614014652
-84.7267536834
-135.780548818
-121.019872173
-85.2078423667
-58.3022702535
-100.269936685
-63.0804689934
-68.5972463082
-22.0204888986
-49.5992136378
-96.5133000603
-127.930088712
-71.8406674959
-179.639447588
-146.268195847
-94.3104631084
-66.5815549575
-117.045622906
-64.3519636882
-71.9192406438
-78.8184913437
-66.1947229948
-127.104095206
-195.03885625
-82.200429269
-39.4500057404
-44.0056861019
-49.4559314814
-67.7289001667
-112.098286087
-122.099402733
-153.8845066
-55.2422507759
-54.8838928527
-103.195727681
-151.478690661
-134.593972241
-182.365931269
-114.485196707
-103.598041247
-150.827137027
-89.9218943821
-117.448150961
-139.703485479
-104.339708317
-78.2950371269
-187.105616662
-105.390688476
-75.4787942364
-93.1678197828
-77.4895543637
-88.322146807
-148.969477943
-50.5561153067
-41.7476736696
-41.1345480874
-88.9983816514
-42.8387438526
-68.4768478254
-34.5442319267
-44.6138828861
-84.5569191495
-56.5328998565
-56.4733713942
-76.5879629593
-23.2169368196
-40.060127913
-43.6549160801
-65.7555393306
-66.4486471049
-37.9046937196
-29.4930816664
-41.3425074047
-108.751004315
-33.8246024248
-44.7948338479
-122.623136949
-54.4643132522
-42.2969096062
-26.2729902462
-53.7255040229
-62.4712051225
-79.6793492175
-38.0571936803
-54.2192960025
-48.5093076838
-35.788579376
-58.0737462456
-29.4822457813
-50.4402121603
-51.0568315538
-75.5895639056
-78.100020157
-40.1871882851
-66.8493618254
-98.1494792403
-152.731950881
-61.0948618706
-79.6841744346
-99.8150006699
-82.7313817809
-163.933615956
-90.7884459129
-53.9004421767
-92.5101553988
-63.4981317093
-472.596832834
-97.4868547888
-145.61336238
-172.040811158
-179.191857045
-59.1520584328
-193.840553541
-222.719756963
-116.703989549
-170.99586658
-87.3469807609
-190.713714101
-139.062838712
-91.500635607
-27.6531197223
-48.0300513011
-143.040545937
-118.637709818
-136.36339548
-91.3179103435
-110.523426732
-146.995274126
-111.790741626
-83.0073398709
-57.5979281617
-92.926909561
-31.2510046614
-31.2622607002
-50.5246731449
-34.9038504438
-32.8927315138
-146.663928896
-128.245393161
-218.344372435
-79.8982067079
-197.410654777
-89.2959845821
-129.940236878
-121.414990436
-92.0943222485
-87.2993745691
-135.945269492
-74.3184093238
-60.7831786488
-132.956065054
-136.012676505
-57.6446397357
-42.5254075717
-31.4396387549
-28.279794589
-117.048082658
-30.7190596135
-34.2573627929
-56.7130415601
-72.0457216768
-68.3362136384
-48.3988813223
-51.5481634882
-49.3437258898
-59.8683189486
-61.1802708348
-100.830702152
-92.7556310711
-93.824817706
-54.2993528036
-93.8268378058
-32.4451515228
-35.2599425955
-135.104794423
-164.193626139
-99.6361108586
-96.4609661369
-140.42215357
-58.475125902
-160.297712598
-136.984659099
-77.8169815124
-80.1143765473
-68.4369073666
-52.3538954569
-51.2435181165
-50.3768381064
-35.5465935695
-34.0990355464
-32.746573057
-85.9572157042
-114.62881619
-53.0894959101
-95.4587329621
-66.4208986698
-48.4692790656
-31.7696863879
-63.1376140258
-158.845096236
-133.174703743
-37.9520767256
-85.4833568015
-87.6929077152
-87.3719557511
-69.9617579391
-140.08981451
-66.8530804229
-127.596809069
-110.50335634
-131.451514264
-75.1975672384
-147.43434188
-92.1865247556
-65.485011292
-56.6616533851
-72.7902496679
-135.07210922
-82.98101951
-128.13097679
-90.8144899284
-75.253424268
-74.1858359159
-126.124481772
-76.5638801286
-105.162280362
-74.2405883316
-96.63097173
-104.423598787
-154.025863867
-95.1685083884
-124.680533318
-33.3999075291
-116.882655183
-37.456665597
-85.998736013
-67.8052096732
-140.473154046
-41.5343125476
-83.2244235714
-82.7428068852
-93.5086891521
-133.882069681
-90.9519422124
-124.875370075
-73.1775872017
-117.157241202
-52.0207220203
-137.27049962
-123.382189736
-100.365639708
-54.1401656986
-124.933952556
-71.989106089
-104.542543228
-85.0960384334
-29.0323289239
-121.484821651
-86.9258295727
-51.1965657677
-59.8412918085
-161.563821762
-142.601312572
-93.8565686517
-77.0082914832
-123.954715592
-105.204716796
-106.437654206
-40.7941227255
-134.829532539
-92.9275939791
-145.1580981
-93.362536045
-150.934077378
-70.2969838773
-35.5131700356
-74.2450147735
-154.481557954
-38.0005816139
-81.9103923809
-71.754606196
-103.180858562
-106.097819696
-113.972997423
-86.650440426
-116.736155151
-129.59242968
-80.1290309562
-97.3063145813
-188.402204624
-128.053110456
-77.7506498269
-68.8251648087
-165.777280088
-95.1876612139
-125.303063122
-32.7330635083
-25.5309255005
-66.222502536
-54.7557490098
-41.1436616707
-29.605005897
-83.4405379339
-76.7257748899
-56.6231834685
-41.5868007639
-66.5633420388
-101.295578089
-96.7874945715
-81.4427836497
-58.8968412685
-62.9888973874
-107.750787582
-138.93807979
-44.2941645216
-96.2654602989
-92.226820094
-88.5040212214
-41.8014370323
-132.304704741
-50.7197199114
-92.7701904059
-75.9254077159
-85.658838703
-68.154328297
-93.5867583806
-42.083657924
-56.4899502383
-69.0898808725
-27.0438205562
-74.5105901184
-102.081763376
-76.1265263392
-89.9538047987
-50.731682939
-79.374331581
-25.3385293846
-54.5443010636
-46.5421816553
-85.371274007
-53.9672945227
-72.7585901741
-62.6239022828
-70.6752622669
-70.0798913459
-38.9895048901
-26.286277908
-31.2100897888
-44.3769799963
-38.8580262359
-68.2326279991
-35.3795378346
-54.4649029901
-34.4816875054
-54.7786440888
-57.5927616598
-90.6914830119
-61.4562231425
-154.50963883
-122.276551324
-110.489329013
-82.9023554227
-153.424135214
-67.0838127631
-113.983067663
-72.4554948108
-74.2908035384
-108.834480818
-76.9064430132
-86.2116729218
-37.0641065784
-58.7267980893
-96.7474163191
-68.6457781887
-72.7933820063
-104.168745417
-74.9004052127
-75.870573246
-45.1984118159
-77.3996296481
-69.648134214
-62.0502443824
-69.9362641602
-99.9505496175
-46.1737745917
-52.8114510996
-53.1009199855
-82.113436254
-81.4799724766
-47.5281703147
-74.6200665887
-66.6439769326
-74.1587107347
-85.6887833029
-36.449311317
-83.111605647
-168.316302456
-66.9169573032
-121.94320023
-47.5898309564
-86.5896744543
-68.248943721
-28.8791467226
-61.2111227621
-44.5597185378
-86.8005059718
-52.0730728658
-92.5856846383
-129.114776681
-104.008373407
-98.7409139499
-72.9367474374
-73.5128209527
-74.0542837342
-61.8790650549
-95.9227217086
-92.3080984646
-96.7686088581
-69.945485688
-110.223921039
-67.2193730221
-86.7529602859
-131.95563877
-123.662670194
-72.3526329793
-46.7462230661
-63.5586679898
-131.645472524
-95.0650735735
-128.491747882
-48.4194015805
-30.0635822053
-65.7207056045
-49.5432251707
-49.9332960453
-37.3112844975
-113.018231692
-108.779306868
-179.588086743
-43.4079065093
-22.227211152
-67.0989499265
-24.9664781997
-24.7718811917
-73.2430891417
-95.1445524612
-38.6981021286
-26.8064439264
-28.1292629529
-53.2362323741
-175.918797823
-62.6618349252
-88.495975043
-48.3463606594
-137.064521108
-26.4517781055
-72.5062303768
-91.0559775402
-115.727034805
-203.488036183
-47.03903475
-105.610958426
-64.6062850368
-25.4814307742
-55.9827008839
-107.578230627
-85.9844241077
-108.079399467
-60.956975689
-147.896689849
-103.539281162
-153.35058178
-80.9778497991
-64.0135088537
-32.4030935109
-51.5017519756
-27.0263430572
-89.047677598
-56.8162457973
-75.0559194258
-43.1266385586
-121.910865968
-81.475915652
-201.832399493
-133.291134393
-89.0576926285
-130.94589745
-62.0127905789
-50.1734560304
-79.4074698376
-189.740906766
-83.7441472343
-126.275887207
-73.2215806949
-146.709114559
-49.8985420247
-29.0685492529
-72.7576903823
-58.742677238
-87.5208402257
-137.378843477
-74.786450157
-139.375002829
-115.782544821
-78.0238465838
-122.522346211
-63.2769697298
-121.458086328
-68.9200252914
-67.1475353978
-64.7668843371
-115.173786027
-49.7251122153
-89.181753596
-109.194176883
-89.2820414447
-136.793849763
-111.733464716
-86.8420583445
-58.3404030606
-75.7989380719
-86.4418389031
-81.8872467427
-83.7006401896
-41.3761002322
-61.27292997
-95.047949687
-83.6505424456
-63.865802161
-52.4844448115
-48.5912678528
-87.6991936732
-34.8059561491
-64.2157057298
-72.4990038121
-65.5664481543
-55.3683991118
-51.8880418339
-89.8006719612
-95.1898472163
-45.136042015
-75.8391901156
-38.5942820212
-59.7678512554
-99.3801807339
-32.6933459455
-73.3483436308
-91.3679518383
-80.0056990146
-50.9725941638
-77.8210866529
-177.559165638
-82.1314267589
-85.6960208347
-112.298050734
-77.7459640241
-162.316234832
-97.9515587858
-85.8971639083
-89.3180513849
-66.3670185712
-69.0301327747
-123.359085059
-71.8151528148
-88.1929642758
-46.4553698094
-135.829509526
-132.192399846
-119.325353085
-121.37283132
-99.3200146993
-303.642321263
-98.9055630749
-111.752796742
-110.254968671
-103.600674795
-92.2293965548
-118.216682039
-72.2993583062
-198.016879247
-100.119151341
-94.9069582427
-123.3808334
-72.9865029901
-53.8327007634
-106.704807103
-80.711862912
-43.3852567824
-47.8864091213
-82.2115228832
-127.072297858
-111.728417352
-72.5618725352
-100.264254378
-83.005218443
-73.5489255619
-118.253886415
-86.5821892717
-61.6899543369
-69.9209246844
-119.625980299
-133.01585946
-244.889920574
-38.7764023045
-296.398069155
-100.085243806
-118.481822399
-47.7347017649
-83.798318648
-120.451748824
-109.348274627
-150.95153617
-82.2686799898
-94.3377577897
-142.684359723
-118.946557254
-208.081181227
-173.196140931
-71.8695106587
-197.977434253
-182.119106641
-110.03913204
-98.1729755442
-74.1758637924
-80.6101956207
-109.408804249
-67.0982126089
-123.78885588
-43.4398975147
-161.093302364
-112.666375141
-172.50788107
-42.8905205627
-96.1034255854
-83.738354565
-121.818341942
-152.201299067
-46.2538494061
-43.8285969324
-47.3521888041
-56.4194001567
-69.5908024492
-76.3376247148
-71.5799706448
-37.1542350655
-73.6898425861
-95.3240544134
-37.833713989
-38.0280365996
-68.2974432711
-77.9190245338
-85.272498767
-80.8455657962
-186.174188744
-84.1608805086
-47.6862401633
-56.7615114313
-40.4609494537
-67.3543424926
-182.35548133
-89.4179128964
-73.5504372966
-76.3661877989
-106.307735738
-94.6004908615
-132.146315554
-40.0452357385
-31.0039370488
-39.076184459
-30.8211145976
-23.9811177263
-36.621514034
-78.514652473
-38.2847257714
-58.0417286014
-38.04163698
-52.2627473157
-29.6671300355
-39.7689810516
-38.5611901008
-74.9436201081
-34.3631879916
-32.1270537936
-98.777528144
-22.4810471439
-42.1672931944
-22.1281497022
-31.14352791
-44.8110488886
-40.3545834192
-22.7489055915
-61.554311735
-25.8120816425
-24.4675825241
-29.2934709219
-71.4924217997
-38.2504325168
-31.4174335236
-57.7170920756
-30.6376637167
-39.150900568
-73.6955886878
-50.5715842918
-48.1337349116
-50.8677713811
-57.4216787726
-145.696988847
-93.5578721
-63.7785436253
-140.987998912
-85.0272692566
-84.4827012393
-131.312517674
-81.1860445204
-57.1941652561
-101.541511533
-88.9864894964
-54.4109068909
-111.148606425
-83.7591961356
-70.3332865437
-114.772632535
-72.3442499026
-200.731538612
-111.881742443
-89.8626886581
-116.575239455
-140.367876097
-129.655267194
-244.9912134
-139.56985759
-226.971388724
-182.707870362
-193.190676337
-100.343778126
-61.0473797987
-49.4640515897
-99.2619903679
-81.0752960809
-103.93191939
-63.9957166139
-164.560279346
-101.000597518
-107.979811161
-96.4058745428
-147.507917357
-61.5994199121
-52.9704928331
-86.9473520561
-84.6444628296
-70.6511205135
-77.6701356375
-132.98590721
-52.2835679298
-95.3776679754
-132.614264772
-67.0153218072
-97.7711836709
-107.03306746
-48.8226483326
-55.9822207914
-99.2122202816
-89.7817426778
-122.348749496
-67.68659732
-165.401443425
-99.3597817517
-27.3568406165
-104.91879586
-55.0314538789
-42.4958753446
-108.677528687
-59.9997754071
-78.7486040158
-132.942296135
-132.072362255
-31.0717087234
-39.6856116313
-31.3106884566
-37.5328230904
-87.9109028986
-115.265483615
-61.8653923295
-89.3484756757
-134.199394646
-142.80533988
-83.9602998878
-38.5975203455
-41.1589031818
-59.3452733832
-109.132037442
-110.292274512
-66.7407207578
-46.4483866424
-48.93584023
-60.7193539881
-89.230078786
-134.04147522
-121.387974976
-67.9866109775
-72.1367351064
-168.688506736
-91.8279672415
-70.5731381696
-47.268477683
-134.474683003
-91.5977757588
-96.6580620264
-58.3420365155
-140.037035653
-178.557692401
-79.0364440377
-55.4449452078
-61.9189413954
-119.36333243
-93.6806613633
-93.380503805
-137.89034503
-124.719101689
-248.967412316
-136.43109824
-65.6568062486
-129.380926751
-86.4040109824
-89.0044717136
-70.5811138389
-84.9967667869
-148.607516182
-124.855420356
-148.020208429
-76.0651724787
-48.5303275938
-112.761529508
-95.5376897943
-152.139375232
-74.5614569703
-120.884111732
-104.172000454
-164.634732927
-91.8410891614
-87.9819410289
-119.056080077
-82.8951657526
-55.9808359071
-106.515868942
-159.533196953
-81.2307397638
-50.4578778699
-100.267929906
-125.900973831
-138.03249774
-89.3639885133
-52.9549557246
-70.9810535597
-152.638481296
-142.139173501
-72.1206674993
-37.8301412976
-86.5803550522
-120.286293519
-151.542790757
-153.135508455
-198.168262221
-81.4063935227
-53.2581366212
-68.1170977027
-128.67436313
-88.4056159851
-112.667644081
-146.546442601
-82.0058786486
-71.4158123917
-130.760486219
-88.678337544
-134.281024572
-53.0392873671
-131.451464589
-87.6801965191
-167.245882159
-118.398376026
-122.694297864
-87.5499316937
-38.6263514598
-117.697244641
-102.279240508
-157.775019329
-79.2726023888
-103.494893758
-61.4088262352
-89.7586294858
-171.217143278
-73.6253064826
-131.689934195
-75.7002454229
-47.5065870669
-109.02958969
-149.720483104
-63.2367554075
-150.407396367
-59.8298900123
-79.8068276426
-99.0715440567
-98.3460941305
-129.011615731
-103.347829326
-157.864419265
-70.8997623085
-97.5959177913
-112.94411169
-86.3387301253
-41.9556055036
-124.297518513
-208.923026664
-88.4384933732
-77.9372107426
-90.8659185282
-226.492161028
-188.543331016
-152.275031537
-389.482873419
-196.366714829
-200.723194738
-180.220433449
-136.51871595
-107.583994443
-105.434543544
-60.698970805
-67.312564104
-73.2487713611
-206.657184448
-201.185253514
-63.2154493695
-49.2677771166
-184.131052873
-139.484768941
-135.410745856
-25.8056333145
-131.844174196
-135.598572142
-131.354832041
-173.99738867
-168.675490651
-106.64620429
-195.261052224
-50.431727462
-124.483390459
-102.445664557
-71.51663801
-95.4607189708
-112.427421917
-88.4466693787
-86.2052658304
-217.811017595
-75.1349741231
-121.208743027
-153.012974445
-197.212718039
-42.7213332854
-108.759348322
-113.357391531
-120.353756195
-115.448135666
-135.309348291
-73.4960229426
-24.9238019136
-109.68646707
-159.138878512
-130.202755335
-67.2476630376
-50.3018403597
-119.56363971
-93.3750908251
-116.036567709
-58.867769432
-164.517456506
-77.3274665742
-54.4704248389
-54.9457197219
-137.198005465
-67.9124124371
-180.331171543
-130.520722091
-54.1539412513
-75.4500672197
-134.809671404
-86.5919660584
-204.779860174
-49.1940441895
-96.8540845964
-83.9195051844
-268.957704336
-58.5223967957
-95.557169209
-117.969123596
-111.387659089
-46.4591054249
-97.6993472366
-103.66364509
-64.3784897476
-54.6224078663
-141.796564747
-75.275181746
-70.0835006229
-80.8841424794
-112.485734268
-35.5872578717
-183.416379205
-55.904724424
-128.769967545
-68.7462094612
-185.934933756
-56.611500364
-45.8999036801
-302.889908626
-265.862864648
-47.6085941942
-179.82232479
-210.837761994
-161.76140052
-224.790646576
-50.6523825408
-34.3270470299
-146.17238812
-74.9006931393
-116.794579871
-35.0644077823
-57.7902453658
-42.0735230152
-51.0077160786
-80.5154994802
-74.4079503367
-57.7587420927
-107.755752425
-43.0384089667
-71.0261721831
-97.9129346768
-85.3213159387
-25.3418860274
-200.441616318
-69.8172731429
-84.8868074556
-36.1444494277
-66.1157358818
-43.4532641854
-132.402145531
-25.3723408209
-135.150976044
-139.818986468
-109.53592492
-92.5787017302
-158.775340944
-20.5017762007
-76.2505888211
-131.066880289
-81.5724816603
-40.9198676213
-206.701716641
-124.837065757
-52.7822449988
-165.789592196
-226.804279304
-73.1005785473
-181.558842653
-163.537397006
-91.9652484995
-79.959424144
-77.9521676432
-64.6645348327
-21.7213649148
-157.767292222
-134.442405976
-115.850758051
-69.0484284833
-93.8902356941
-61.4938585745
-170.994900152
-21.9043771135
-75.1040656333
-104.408677424
-157.128596367
-73.1046050456
-75.0602980791
-165.977086101
-143.221592664
-60.1712832882
-152.820295514
-28.5253902191
-55.455964793
-22.6660573343
-79.123261235
-152.878921751
-75.311807638
-24.3418130735
-73.6828987356
-73.3035260778
-176.521512571
-100.775192234
-69.2216210881
-59.3039415869
-112.938096198
-136.388129974
-104.443062774
-85.0455372785
-141.415854109
-84.5315607331
-112.89110687
-117.792127086
-57.7779040433
-51.0168940287
-69.0887139091
-75.5876610202
-148.712962374
-101.936426274
-89.7051612126
-76.4526327704
-114.646573149
-214.63178146
-58.6323536006
-131.522969726
-87.9185400191
-177.559933545
-102.857121171
-132.903028129
-62.9600083354
-52.7575327473
-47.2349430813
-173.756443172
-23.2408166709
-37.8169313713
-106.456046682
-71.1701674263
-105.834843419
-99.6900696786
-82.8019339624
-101.790982336
-78.3846804876
-116.415650633
-75.722551033
-149.927251387
-64.7776600645
-149.717484526
-131.891858346
-127.536973927
-121.460273926
-108.908973525
-130.600036108
-90.2213933271
-121.311390368
-34.3107127455
-144.734647242
-90.8400409734
-77.7475747146
-72.8946295852
-27.8917120307
-133.713574538
-256.538192739
-89.9995799117
-91.1840584628
-75.7067485758
-65.3902902795
-76.8772018776
-80.3702951164
-90.5727479087
-81.6812000918
-125.58195129
-72.6648194444
-60.2406134244
-152.254763965
-277.350660174
-44.5488632211
-114.275412687
-303.059148354
-110.490580157
-97.4721073913
-101.314891214
-93.3121552055
-140.808837716
-132.814892904
-159.377152955
-161.71597299
-102.69679123
-89.2533951685
-86.6255908795
-27.3985590628
-33.6573582219
-53.0010068392
-121.06948736
-32.381925953
-102.830387203
-34.0551631207
-99.4425297918
-80.465444248
-74.1383999229
-88.1748558352
-121.426117696
-105.372870972
-87.7309944149
-41.8310612426
-69.4417982542
-68.0067652769
-56.5055751949
-46.9474892724
-54.8599422732
-134.296175629
-134.893449619
-93.8628355139
-64.1559967849
-112.599354581
-73.9291088197
-277.057097276
-24.7509856158
-70.9137777652
-412.628819755
-93.2648809605
-69.678017656
-95.4576861761
-112.424624316
-128.283255615
-101.58354187
-32.5739746626
-90.6972444583
-152.299064966
-128.608744875
-83.7030403042
-39.138287918
-50.2167497997
-98.5270540219
-55.8976721338
-40.2390161329
-90.1698036141
-64.1170442268
-62.7469049486
-118.291567479
-53.5929668246
-45.7228605277
-58.7598163711
-122.422111471
-128.940313677
-159.2037516
-135.236316084
-114.916161621
-110.038780205
-99.8650683699
-173.710727166
-123.438729411
-183.003722082
-213.722970112
-49.422230607
-40.7614327789
-98.751475661
-68.6466284624
-32.0170837415
-92.9026609133
-97.4338397087
-58.2275609103
-89.5813296486
-51.9830092948
-26.5784540899
-74.6921223666
-42.0840166637
-91.4936303026
-68.1696671301
-77.5834702269
-28.5086353423
-43.7653480016
-26.3144924393
-86.5674309697
-132.856837001
-98.4872339746
-86.8296342219
-22.7230915191
-57.6199842275
-74.609253939
-40.5878583223
-36.3149632582
-80.3409122726
-24.0351367652
-72.2369012141
-57.675520191
-40.2123752589
-55.6790686052
-103.998187139
-84.5379441278
-24.4932316495
-178.371896152
-70.6083519042
-26.0494790924
-22.0225579473
-51.9672189257
-25.816800474
-205.886082525
-32.6771150329
-22.9760659261
-116.92615464
-32.1392697335
-68.199639164
-47.7726106777
-131.251698353
-134.559162698
-67.1717737007
-50.0128978659
-36.4454780681
-54.624723623
-142.656794529
-62.0218800229
-58.4121857176
-89.0785547498
-99.8598800101
-178.848313233
-60.6775232832
-102.212456656
-68.3913227809
-37.2303059882
-84.5225937672
-108.559389525
-101.967361659
-71.3547703902
-80.1468123905
-124.177564235
-106.627173804
-106.420416792
-100.176081663
-86.2355815339
-153.343583965
-166.692116659
-86.2098581376
-128.845881942
-37.5169226611
-40.0758941659
-136.920474092
-49.9800304878
-71.4352193348
-148.96264443
-224.712980711
-141.839018473
-103.223042433
-68.9036156752
-107.197200431
-121.569683136
-149.861508914
-116.733541166
-43.4821618698
-26.2854372365
-33.9768290531
-54.4986893817
-93.69427948
-25.2030360797
-27.1583813343
-94.4749393662
-158.776451042
-143.615081106
-151.632507034
-70.6555144782
-79.4922425705
-89.1356651932
-158.059647194
-102.565010352
-61.5758032325
-115.010570454
-156.291603305
-72.0942213464
-73.7629113524
-65.9648686392
-58.8792537357
-97.3144162984
-50.9546488661
-59.8788813249
-70.2568553898
-80.7820901726
-127.409072783
-81.5340897528
-106.448103342
-48.0836934388
-62.7714764691
-83.726078389
-92.5024257545
-72.5938068635
-74.9609668188
-125.296271069
-99.708178747
-77.7520372172
-90.3728773972
-73.9641691735
-32.5157651342
-78.3717430017
-65.5435580198
-65.0265024307
-125.388713544
-85.3478294398
-61.0156981075
-66.488016123
-55.1070933907
-108.122626101
-100.888794583
-118.25938875
-69.6064903526
-65.9677612211
-81.2476783979
-42.0113523191
-33.440965037
-66.5927259625
-189.831034555
-130.60602714
-87.2297702534
-65.7356151327
-131.090929272
-72.9707887573
-85.1226214272
-141.179661
-97.089064601
-114.373811374
-112.364424035
-82.1814778279
-99.5655727233
-104.689418676
-89.5723812496
-53.7906009418
-51.5108361579
-42.6241447295
-193.330044302
-55.6673495064
-47.5860212303
-72.139785773
-169.974798609
-86.9545464749
-185.490988537
-131.144775273
-63.6627520477
-92.6520996377
-280.67165517
-62.4629812346
-30.6900189871
-133.030187403
-80.9455854458
-132.097073131
-135.834521238
-34.0889006266
-60.7887508248
-43.4737095999
-100.953315356
-81.5372413587
-61.3185744285
-160.170494002
-80.8074168991
-84.654021289
-61.4102531166
-103.928069059
-74.0056834215
-109.383790356
-34.0750299694
-14.6221086448
-139.20209155
-43.1328614051
-84.8736445168
-105.036526137
-27.8583613337
-79.1241353784
-123.906922148
-79.764042012
-98.5585947351
-55.3867723456
-136.035683076
-70.1696373022
-72.4601081594
-149.87234868
-89.2457661363
-126.042652614
-79.100918091
-43.7440232391
-88.4580043295
-58.8860691279
-75.5545050425
-90.580087836
-51.0630528653
-112.647998273
-82.8085400687
-305.546224513
-155.686745285
-56.3004059719
-129.273448561
-79.8320780006
-44.2175893104
-145.752804848
-74.0352390176
-111.90136609
-107.569037599
-138.654169425
-98.2711189668
-31.837859416
-22.8625306972
-135.208935536
-123.323719586
-88.9801317689
-179.139486555
-72.750896484
-206.8889288
-46.0306162219
-90.3969468408
-157.103637606
-82.8611418452
-198.315317572
-156.293442279
-64.2065458646
-182.649667738
-139.286542472
-109.960857383
-113.437150182
-66.4520822884
-126.684201042
-150.632102719
-54.6284060152
-38.451903017
-125.500321103
-202.920397313
-50.2846392225
-112.239691702
-258.719356589
-149.352700096
-96.6760370281
-43.3209784004
-151.998684967
-187.371737357
-81.6439201423
-41.8407008447
-117.582041928
-79.9007301266
-38.6060752958
-110.885925824
-163.251924222
-86.259628962
-96.0554685819
-41.9798637877
-115.795246193
-62.2486044622
-82.0983041874
-154.124180209
-44.6209916839
-65.552063487
-101.53056299
-82.6199909383
-76.4641343471
-111.772719426
-98.661663106
-64.1168577869
-116.416851049
-249.746641696
-105.166539402
-128.843976833
-124.840967256
-155.639605735
-63.0013334281
-134.617481054
-90.7854006864
-73.233884611
-83.7774632576
-83.4028722409
-45.181474449
-25.7579456254
-46.8589598158
-84.8702887065
-54.5157752507
-46.2027898158
-92.710527281
-76.5943805532
-54.9601426263
-90.8090658553
-56.2460659732
-87.3945754675
-66.213923035
-120.463594707
-91.2830737952
-90.6341261819
-166.02413263
-152.215441605
-154.188626843
-97.7582789802
-137.221908115
-175.636530357
-61.5266757823
-110.389355635
-49.2329043523
-120.546447899
-79.3098611464
-163.430417624
-83.7688078489
-99.7528791072
-174.556548438
-79.3340444008
-61.1615739825
-45.0321328054
-33.265085506
-76.9216392655
-88.7231123181
-49.8776609307
-39.7662447657
-92.7811465882
-68.2596188677
-77.3925523133
-57.4214969068
-86.7221759889
-42.0258644341
-21.9072695571
-69.6518276868
-71.0679077643
-113.650792171
-173.524634492
-73.7598482607
-91.7617484132
-83.3943188769
-132.235332544
-21.9244991603
-98.0457536679
-54.7167646423
-53.7143894482
-130.338274249
-57.6805120548
-41.3946292861
-52.3599933684
-75.1335086173
-55.1630760109
-115.660170092
-59.8966563716
-54.1896118172
-99.7344993605
-45.9661944567
-99.5996511847
-54.7894958472
-21.6705696513
-75.8948847554
-75.9254554348
-129.381880085
-75.5535540872
-25.6460228491
-95.4529858364
-53.4976928988
-49.2240403107
-114.748711882
-45.8581406885
-116.266591103
-21.9163841663
-67.812075523
-31.0094275957
-103.139732811
-181.668535418
-97.0607916362
-27.8570387379
-56.4520908139
-70.8996737066
-91.653151166
-116.786672849
-37.1374962399
-54.2796880072
-94.7174820382
-75.8071837146
-64.8516895569
-94.2345548172
-140.603629082
-162.062323555
-39.4628668456
-57.465459998
-67.8288240654
-32.9912556759
-64.9906199471
-66.7180500709
-44.401585287
-64.3051894135
-71.7573495684
-43.0692688214
-38.5305811482
-28.3671172864
-67.8979081132
-52.349069535
-75.1543382629
-62.6846752491
-63.7365798731
-71.0513105737
-104.998200785
-46.7574305143
-93.5509393151
-83.1361219633
-72.906026888
-65.3235487812
-121.21988093
-76.0638800082
-97.1728414996
-45.7603372175
-137.121879829
-59.8021952187
-60.0039207723
-143.855847961
-61.9154726537
-52.9054601504
-38.8641287648
-80.7204137219
-33.438013497
-72.5706258526
-67.6322520761
-44.4766546608
-36.7185227837
-51.9910505672
-33.9711161342
-130.105947813
-81.07139602
-48.8659501399
-49.0918516094
-141.875261433
-75.145761426
-77.5694244448
-70.0335734457
-51.3412172203
-92.120847404
-26.7954739312
-59.2382522602
-48.2287527971
-135.416196972
-59.0686235791
-114.768023692
-53.4807517748
-98.6760682855
-27.5184900311
-147.419790062
-46.1769772251
-160.60254052
-177.847569354
-127.748727059
-130.852212778
-112.041005323
-113.711923016
-183.91074383
-110.430596784
-49.7038913926
-98.6036919823
-42.8022028259
-120.157620965
-102.416416289
-67.2175433968
-138.792746282
-40.9222351748
-191.495346297
-124.108362972
-100.526671319
-116.391705576
-148.034246913
-152.761187122
-89.7577202176
-145.482839097
-91.4684725248
-91.9373546168
-122.386916231
-112.562770569
-126.598252389
-65.0798419463
-33.7564388011
-111.777032822
-59.6127040394
-91.7263367118
-233.236906138
-110.455211554
-55.1214866868
-132.775731127
-182.424690508
-42.8328062572
-61.041250603
-55.265022932
-123.461501803
-106.563925998
-163.05056594
-106.450374517
-185.368182205
-83.6271811489
-83.3454627271
-107.96928095
-81.753472527
-320.66366217
-57.4538559021
-143.787818242
-92.1553659304
-86.6361504477
-119.522570683
-103.113965774
-107.149485887
-34.7476193896
-166.487881698
-60.7927091926
-142.792498388
-166.122989383
-85.2445713789
-131.373631012
-108.655250987
-61.99893402
-91.275385628
-107.441855299
-83.6260042805
-132.975314831
-39.0693681893
-120.905331452
-102.821274681
-137.95718367
-77.5280093124
-100.325068714
-107.741783733
-70.1149709485
-51.5433915523
-51.768027742
-241.070900373
-123.708072745
-86.2552145589
-63.8188623523
-121.159114045
-50.6743337948
-144.897889561
-108.452799687
-43.2828034783
-97.0141506404
-127.921035898
-68.8892646137
-88.5633789853
-64.7984564369
-73.3026854007
-148.992893052
-100.551885301
-116.406748763
-25.9601529903
-111.862921584
-83.8880089867
-93.2686119211
-50.7663429329
-95.5524910935
-57.3910063155
-90.6881367201
-54.5701627145
-108.796041319
-114.455357139
-164.467132073
-214.168216033
-58.2493047234
-108.54401482
-59.9847698699
-30.5960802872
-92.0518478218
-60.2896507268
-130.842049838
-106.856081643
-95.383982613
-57.1573970615
-90.1386749368
-76.5321017858
-78.6165497223
-38.5407825443
-42.485012711
-96.7974419717
-104.492509465
-90.3745912002
-35.0680136615
-35.5196554366
-46.5355952534
-146.21844038
-28.4533050723
-83.1012100906
-98.8560547148
-107.872562733
-33.3913452637
-111.981445259
-79.5519013456
-140.470769035
-108.851007982
-105.639723047
-72.3858400128
-37.639684857
-49.0771108901
-84.403150981
-150.437014734
-77.66542452
-140.153371622
-39.4039834267
-40.8435137324
-49.8894623415
-112.839544857
-39.9080955514
-94.2176424304
-85.7406384762
-43.8352288208
-83.6075848334
-89.2770785238
-135.788490171
-138.366627632
-141.967523404
-87.4444441945
-78.4635296746
-25.2057744449
-95.826335186
-89.4849288946
-167.380783834
-98.7971408612
-108.057252289
-120.681785123
-120.282689876
-99.8626470152
-197.426386971
-91.5651272233
-156.722846788
-83.932456943
-50.5931692108
-100.386467453
-74.7210751793
-59.5668570853
-58.293184246
-181.673734867
-120.44672431
-45.3823295653
-154.403319975
-171.742708252
-84.436967439
-74.4129601001
-58.0410950534
-63.5943621655
-50.3197106059
-47.2216539043
-68.3183580095
-100.169894607
-88.2160529587
-35.7511173388
-49.5316802383
-47.881219211
-93.8722247643
-127.15859163
-100.833703527
-124.266268401
-27.0304428075
-127.918057398
-113.104670236
-73.2975034085
-84.4793365625
-50.7004173755
-161.14977226
-53.2153029559
-48.0197112684
-85.812980486
-87.2541498946
-71.4529661328
-143.655443773
-84.7467443911
-58.6856443214
-74.6017243462
-76.5948233646
-75.375769121
-85.0911413959
-79.1566455803
-80.8967912565
-83.3996151438
-71.429966065
-65.3451299478
-74.5874719254
-100.50446746
-67.0385145622
-136.380324731
-195.936082471
-48.7135274763
-53.9286045703
-57.4381629783
-114.105484759
-207.140161712
-78.9911088877
-136.940921831
-75.1351278822
-98.2741393529
-148.473262942
-67.8998490017
-193.472684109
-35.8710356629
-86.3516186603
-64.1709690278
-43.5549195935
-87.6641474907
-113.76522524
-83.0856869713
-54.5520981557
-69.9417003397
-122.086515605
-25.9359771643
-31.454392397
-99.701057924
-128.368039106
-210.300426805
-61.0643568931
-89.1947409128
-76.4058297651
-112.577379863
-132.512454711
-80.4243411089
-49.729490681
-37.6077227307
-53.7661468073
-79.0274499379
-157.698593631
-58.4822248693
-76.0127602812
-90.1227681023
-73.5923621182
-89.7077060178
-73.1244684675
-96.6878191654
-98.559137037
-43.5040879726
-66.8597860384
-115.278906114
-31.9099814383
-67.9260144061
-109.173144549
-68.5127485831
-55.0384250756
-173.454602753
-93.5664556467
-39.5342024998
-57.3980185673
-98.7996603083
-81.1343823813
-135.120312402
-67.5133035325
-72.9216683883
-58.8165512748
-98.1381332966
-89.3904490587
-68.4194872175
-76.9146504453
-58.4886091911
-120.426353728
-151.886576457
-156.993078185
-80.1514825707
-36.3696655518
-58.9921426378
-69.1939734234
-92.9456721868
-69.7755699161
-46.7923361096
-83.7295709632
-129.480930748
-41.6812822607
-128.453804796
-168.032360744
-134.512526916
-128.687763584
-89.7030917477
-59.4313461577
-104.893283104
-102.163314818
-104.28487763
-197.862203672
-83.2067564223
-162.900794698
-193.972447001
-233.340864156
-140.344517968
-79.1167566495
-164.656479684
-116.666021131
-165.198485128
-132.520854277
-128.649129071
-80.0666569067
-169.637447695
-165.97428522
-131.257915385
-24.4629078526
-130.139614326
-178.858178317
-120.413212951
-58.817381849
-70.3583056875
-112.018358254
-75.5149958857
-39.2786021986
-53.2734678564
-77.0661890436
-26.6537512872
-55.9650401673
-91.8394942822
-92.3962590169
-52.8443781686
-56.3289378067
-92.605708733
-90.671262396
-70.8525416972
-62.8187348952
-42.8253896477
-64.9130758397
-69.6166520821
-118.564665357
-37.1861877515
-84.9461782814
-34.0441055181
-70.3023360688
-38.1122097265
-74.4321484528
-64.73283445
-61.7578982411
-67.2247072177
-77.6673953196
-67.8496754404
-79.1303655139
-47.6391281397
-35.3788573897
-63.3586068396
-86.4739588713
-23.4380798413
-58.8524651823
-89.3843754641
-162.414736686
-54.7304009026
-37.2990213803
-66.3225010426
-144.983935693
-93.6170873499
-182.034503454
-73.3154137764
-44.1573440928
-98.8000131163
-85.6079803627
-40.7947084263
-109.294950994
-87.3943431856
-29.4102930216
-45.6607895846
-142.969157009
-78.448290081
-45.1868286177
-52.2390995506
-110.233872727
-112.953867698
-161.403969633
-73.5800019347
-130.517213898
-67.344714321
-81.6011015715
-45.5619676163
-80.2497740936
-70.2272711069
-73.5467342903
-73.454661086
-105.487324875
-62.9482226024
-76.6077755419
-124.42607474
-35.1286874365
-14.4244741057
-39.365316474
-14.9502449996
-51.5965115235
-15.2815345192
-86.0956990294
-16.0399183708
-52.2563435292
-16.2030373685
-83.0426769389
-48.2630877789
-90.861002099
-126.714120666
-158.90102499
-37.0265517375
-119.816557514
-82.2448493358
-21.575003555
-146.302057689
-92.0205442523
-59.4319563666
-127.917076633
-82.49738302
-158.574727202
-182.339336238
-89.1832510987
-77.2035233665
-160.564555269
-93.3426001857
-130.160891872
-76.5674914163
-56.7253107046
-98.764818723
-56.1437286704
-100.453222246
-136.619262684
-28.9362603815
-37.8784821408
-119.727538259
-91.3570284461
-106.84566181
-98.7945434155
-74.3496081356
-122.232014654
-35.0112876982
-81.6310859917
-71.3714764199
-100.106524832
-62.0884099879
-52.4917962768
-79.7644074573
-86.875744206
-51.9799302769
-56.620507508
-119.08101862
-102.306229973
-61.3090295909
-111.834520417
-166.331858038
-142.157307311
-127.445055768
-161.522461659
-92.0152007189
-80.6618953918
-51.1406788451
-74.8421071076
-48.3124889906
-63.5197372892
-64.7578068635
-94.7982551897
-98.5315538379
-110.165137606
-64.3774662299
-40.4070801566
-102.960130454
-120.024137915
-85.1866244211
-149.108065937
-159.816577603
-66.9975496027
-47.378234624
-58.1477194897
-95.5925169563
-110.882245156
-79.4848617927
-134.165576989
-93.0100251707
-145.510116346
-69.4614250442
-34.9224113496
-118.709777858
-53.8166904502
-123.228608976
-75.7616244769
-76.8895305429
-66.0342145133
-84.5022869116
-75.0230482142
-113.110768707
-105.499693629
-121.09305797
-69.0593218631
-50.223093752
-96.4152616024
-110.002436494
-75.6346931181
-154.752350924
-155.306527071
-69.1098087656
-106.039527903
-38.8069929587
-65.1426294675
-181.149346548
-84.7016969925
-86.8678016529
-124.281729495
-108.241676994
-149.481424316
-143.565575293
-122.687988117
-60.9957643416
-35.5755632293
-30.5621962622
-117.699356941
-79.2531711133
-57.8634044555
-35.3566919985
-96.2732449831
-51.9331121616
-98.1722901456
-148.298733443
-75.6996906401
-61.7917835039
-85.3467840082
-101.166642762
-54.9244801094
-78.2453551012
-30.1202842817
-121.651368888
-138.771413913
-90.9872913442
-68.7823245498
-76.5096732448
-86.5908247033
-82.5468310794
-88.3798354173
-106.048579037
-60.7258341342
-77.4719183401
-60.7553653926
-142.811774587
-104.642487341
-103.551448686
-124.849839791
-132.584016961
-52.6707878479
-58.9146794442
-56.1213183068
-100.594427438
-109.100051923
-138.042306768
-80.9267971557
-176.877925824
-92.0554660161
-65.6583285714
-83.1489057992
-28.821253848
-108.252954549
-33.4515769415
-70.5972409923
-74.6672005239
-142.41249147
-119.491390651
-84.0842810902
-74.3103972322
-28.4573363415
-142.416687352
-73.8160919326
-61.7295283774
-72.2275720031
-68.1907167336
-108.175027604
-156.225919875
-24.5236624027
-66.4346926142
-126.556263056
-60.926520754
-44.574985359
-49.649598011
-135.269045609
-58.6928920707
-71.9456163556
-53.6839242991
-153.595563061
-47.3052191593
-74.1408993812
-108.808945501
-113.12194615
-97.2688498042
-89.5992673134
-152.386193534
-58.4340206334
-55.9310191305
-109.530400789
-62.6991320594
-73.4767864937
-71.6877945747
-104.363041589
-177.201492136
-226.453631469
-63.2130071932
-90.6839855666
-68.3653377456
-70.5509995846
-100.286081035
-91.9114641277
-149.283456852
-116.141765106
-57.8588007364
-102.724238711
-93.1018923368
-116.855101208
-299.530119374
-103.672042163
-29.2458998368
-142.031343617
-226.218856116
-94.4299912139
-78.750842782
-104.174195312
-59.5017636024
-182.352157135
-137.712177577
-200.722085994
-95.5786467648
-134.044236681
-178.803342869
-58.5168075184
-67.6107317379
-170.499063577
-139.864110128
-34.3831607023
-203.372576939
-98.7021635289
-57.6956048237
-102.950513299
-118.891398625
-66.1406869676
-62.9945969817
-62.845792282
-155.877876331
-63.5683330321
-127.673294391
-29.7752179703
-132.06932509
-151.149249994
-154.411507219
-73.3531956848
-83.2836674293
-124.432255016
-153.784929423
-89.234996016
-164.294723903
-75.7591541431
-30.659171748
-107.225497637
-56.9184717777
-72.7018956044
-98.9672771562
-110.445336268
-193.872008462
-150.220528129
-154.270044546
-160.060629173
-137.184204815
-110.510913125
-237.092745047
-67.2133170168
-72.2847151067
-110.866009409
-35.2101043566
-69.9018589657
-50.8145349878
-165.919310399
-41.5981005832
-149.833299293
-52.521651216
-31.6996596867
-68.1554615076
-96.871049681
-163.656834326
-147.139591656
-39.5747072864
-35.1262047345
-146.338418296
-79.4363557158
-147.749159737
-158.778025564
-178.041507174
-53.2042504817
-97.3088384337
-63.3177677492
-58.6437686657
-66.9299624149
-32.3317214287
-34.024593767
-117.607129204
-123.690940509
-144.365495325
-80.6442578591
-97.592048551
-68.7614043263
-85.7146273763
-56.0614278996
-81.3557666673
-56.7938767136
-90.605216281
-59.4821954028
-47.7381649078
-59.0069658668
-36.4275594106
-108.283650547
-181.607773624
-119.112010597
-34.7579999419
-112.503976493
-202.3290073
-127.27390647
-90.3928573298
-91.2562853413
-46.5790009399
-63.2855116441
-58.3018916602
-46.735807287
-53.5636825962
-91.0932525183
-104.934041505
-69.1429589666
-45.7667650577
-131.600550785
-120.025068472
-89.8892994327
-46.2785683504
-135.44792214
-75.6691824833
-72.3612379971
-72.3027613425
-31.9817927219
-77.954304462
-90.9718876743
-24.2887250331
-80.8873014679
-39.4014948845
-66.959710383
-63.22529468
-27.8839129016
-56.2650394621
-88.772988251
-96.2516804104
-77.7992665433
-76.5032673094
-24.5835721662
-43.6585453173
-24.272316093
-78.5607977325
-114.963088243
-21.1008862998
-130.640221083
-193.264724782
-103.537703085
-195.37303748
-58.8346555435
-18.7495878816
-66.8254545661
-27.2381186972
-40.6057631184
-139.757815199
-99.7510862944
-75.4704628707
-32.3581605085
-83.8617662617
-92.6490282187
-34.5560539047
-17.685205625
-25.1613366643
-23.8328875448
-23.6305362505
-145.160017248
-52.3842203058
-82.1534724836
-97.0549129735
-53.5129858539
-48.7044134855
-85.6188724544
-107.908631636
-29.0702105676
-49.4152539008
-36.3594191522
-64.7353009843
-97.1644690922
-37.8446682831
-38.7408433306
-95.9468522964
-113.629095086
-110.254360785
-175.267087294
-247.31785791
-98.8203448689
-94.8899697099
-90.0279886645
-112.70391849
-38.6743742103
-235.501105764
-92.0497733864
-153.510757356
-66.8979866201
-61.0956932923
-93.4397783427
-133.448004674
-34.0294416885
-35.0674528668
-67.3540893376
-135.139009889
-57.2081603985
-51.7563149309
-57.8922244709
-149.825093281
-47.405445908
-84.5995763537
-82.3565137655
-77.1498067607
-163.743923998
-121.411860783
-55.7439134955
-37.5550755216
-79.3517956686
-84.4598848469
-102.398936948
-44.6055304591
-100.428127402
-71.3506424474
-65.2755393651
-119.514865401
-57.5630253301
-20.4504613955
-146.968291408
-71.7562701509
-147.005519844
-149.392145932
-37.4263748221
-33.4502715326
-28.1321461326
-127.526500312
-49.6531978115
-73.0917301961
-227.309096185
-38.1014048301
-28.5433321431
-23.1266776855
-23.1718183541
-67.2400822617
-107.932029143
-37.2755327824
-167.070218693
-58.0461628379
-34.9543534015
-26.1531623759
-139.943134078
-120.702691799
-48.9716705212
-74.9641767661
-176.330619935
-128.424284096
-98.4768769682
-68.1309231342
-92.2853557064
-24.8212819259
-18.3346300089
-97.6992567638
-37.5182314876
-44.928930354
-26.3275420291
-79.4439530071
-41.6705992473
-32.3878988288
-49.9099215
-110.383763464
-56.2710995482
-91.0029329652
-36.8866595953
-54.6893477592
-76.479140703
-94.8786815222
-74.6329263711
-51.8661677367
-42.2133393739
-82.9523345631
-74.2591132435
-116.19087505
-76.6837872519
-66.103651619
-154.290942132
-46.264777637
-94.1662400885
-68.3624011426
-106.934505547
-62.4272900716
-48.8263274548
-46.7793833975
-113.240936191
-68.2360834536
-65.3435054939
-65.8690148628
-123.024484775
-80.2132965727
-76.7909207213
-99.4219079219
-101.723101188
-37.1798248628
-38.0791026856
-57.6136616408
-51.8387518175
-56.4294058496
-76.4211456685
-49.8343513314
-101.345630548
-96.0252580953
-113.643631524
-112.187490761
-45.4273083072
-238.786615556
-81.9622341812
-68.6643969293
-50.8021618672
-41.6035026448
-61.2364204481
-108.002119103
-75.9778393803
-70.6856228694
-82.4410383288
-90.9026545323
-124.82668637
-29.0068667296
-98.4328909145
-70.3546268092
-55.4426996522
-90.2899819535
-124.970512364
-74.785564137
-74.9630480353
-75.8579040226
-99.6286632167
-100.915192989
-115.821694866
-78.4317466329
-156.401601702
-117.017617518
